100
254 483
202 149
112 422
30 204
191 320
133 211
398 232
102 240
29 418
235 343
453 418
267 328
464 244
258 245
495 94
255 123
425 377
433 438
381 174
273 430
385 389
89 388
321 425
394 250
303 8
371 180
429 188
405 348
138 167
480 313
346 308
327 296
232 195
236 416
161 248
148 288
127 99
322 455
294 96
307 452
252 207
101 4
335 155
121 334
158 125
52 377
317 234
238 165
491 1
66 148
323 80
374 279
95 86
242 254
360 275
165 364
30 239
93 324
141 449
3 14
246 85
206 486
263 421
412 329
78 150
384 117
381 173
224 478
379 408
443 86
112 396
176 41
422 117
297 72
64 467
398 384
440 283
126 268
329 34
157 208
161 234
161 192
75 149
398 241
217 104
108 50
165 20
319 163
357 221
491 55
407 461
144 497
130 384
361 7
171 491
96 118
460 373
1 233
54 102
228 300